# logT  R_FeXVIII [DN cm^5 s^-1 pix^-1]  (AIA 94, Fe XVIII lines only)
# abund=Feldman1992 coronal, ioneq=chianti.ioneq, logNe=9.0
5.000000000000000000e+00 0.000000000000000000e+00
5.099999999999999645e+00 0.000000000000000000e+00
5.200000000000000178e+00 0.000000000000000000e+00
5.299999999999999822e+00 0.000000000000000000e+00
5.400000000000000355e+00 0.000000000000000000e+00
5.500000000000000000e+00 0.000000000000000000e+00
5.599999999999999645e+00 0.000000000000000000e+00
5.700000000000000178e+00 0.000000000000000000e+00
5.799999999999999822e+00 0.000000000000000000e+00
5.900000000000000355e+00 0.000000000000000000e+00
6.000000000000000000e+00 1.325793740793854102e-41
6.099999999999999645e+00 1.176653929824742757e-36
6.200000000000000178e+00 6.207372977591332091e-33
6.299999999999999822e+00 1.860039761678834826e-30
6.400000000000000355e+00 3.988784569593985036e-29
6.500000000000000000e+00 2.217145507035890097e-28
6.599999999999999645e+00 7.153627628955123656e-28
6.700000000000000178e+00 1.635489886490684939e-27
6.799999999999999822e+00 2.653856049082991301e-27
6.900000000000000355e+00 2.731021346443963835e-27
7.000000000000000000e+00 1.412985557482519296e-27
7.099999999999999645e+00 2.707134929187889713e-28
7.200000000000000178e+00 1.887931534812602435e-29
7.299999999999999822e+00 8.191486361136164488e-31
7.400000000000000355e+00 3.670717534613201707e-32
7.500000000000000000e+00 1.879654730182552484e-33
7.599999999999999645e+00 1.092531676881438522e-34
7.700000000000000178e+00 6.887466626798659275e-36
7.799999999999999822e+00 4.452349495480190708e-37
7.900000000000000355e+00 2.814359557033990596e-38
8.000000000000000000e+00 1.700293464950970319e-39
