# EIS post-launch calibration factors for 2011-07-02T03:38:08
# I_corrected = I_preflight * factor
# columns: wavelength[A]  NRL_Warren2014  DelZanna2013
   170.00   1.039522e+00   3.493799e+00
   170.10   9.848201e-01   3.265264e+00
   170.20   9.206195e-01   3.008985e+00
   170.30   8.526543e-01   2.741373e+00
   170.40   7.856066e-01   2.476743e+00
   170.50   7.230121e-01   2.227330e+00
   170.60   6.673669e-01   2.003343e+00
   170.70   6.203414e-01   1.813041e+00
   170.80   5.830610e-01   1.662839e+00
   170.90   5.563949e-01   1.557442e+00
   171.00   5.412632e-01   1.500000e+00
   171.10   5.502729e-01   1.525985e+00
   171.20   5.697980e-01   1.582075e+00
   171.30   5.990269e-01   1.659543e+00
   171.40   6.373274e-01   1.750617e+00
   171.50   6.840347e-01   1.848412e+00
   171.60   7.382464e-01   1.946915e+00
   171.70   7.986212e-01   2.040976e+00
   171.80   8.631871e-01   2.126311e+00
   171.90   9.291854e-01   2.199488e+00
   172.00   9.929813e-01   2.257900e+00
   172.10   1.038425e+00   2.309082e+00
   172.20   1.081542e+00   2.354328e+00
   172.30   1.121863e+00   2.391452e+00
   172.40   1.158935e+00   2.418768e+00
   172.50   1.192325e+00   2.435063e+00
   172.60   1.221634e+00   2.439557e+00
   172.70   1.246500e+00   2.431864e+00
   172.80   1.266610e+00   2.411942e+00
   172.90   1.281699e+00   2.380044e+00
   173.00   1.291565e+00   2.336664e+00
   173.10   1.297610e+00   2.279396e+00
   173.20   1.297369e+00   2.215044e+00
   173.30   1.291751e+00   2.147043e+00
   173.40   1.281723e+00   2.078125e+00
   173.50   1.268277e+00   2.010413e+00
   173.60   1.252401e+00   1.945524e+00
   173.70   1.235054e+00   1.884664e+00
   173.80   1.217156e+00   1.828712e+00
   173.90   1.199579e+00   1.778297e+00
   174.00   1.183145e+00   1.733855e+00
   174.10   1.170698e+00   1.696303e+00
   174.20   1.158220e+00   1.661460e+00
   174.30   1.145960e+00   1.629659e+00
   174.40   1.134160e+00   1.601175e+00
   174.50   1.123046e+00   1.576237e+00
   174.60   1.112842e+00   1.555023e+00
   174.70   1.103760e+00   1.537671e+00
   174.80   1.096010e+00   1.524280e+00
   174.90   1.089797e+00   1.514913e+00
   175.00   1.085330e+00   1.509600e+00
   175.10   1.082417e+00   1.510296e+00
   175.20   1.081154e+00   1.514230e+00
   175.30   1.081390e+00   1.520558e+00
   175.40   1.082978e+00   1.528509e+00
   175.50   1.085778e+00   1.537379e+00
   175.60   1.089652e+00   1.546522e+00
   175.70   1.094462e+00   1.555354e+00
   175.80   1.100073e+00   1.563357e+00
   175.90   1.106345e+00   1.570087e+00
   176.00   1.113139e+00   1.575178e+00
   176.10   1.119429e+00   1.578371e+00
   176.20   1.126590e+00   1.580843e+00
   176.30   1.134471e+00   1.582500e+00
   176.40   1.142918e+00   1.583279e+00
   176.50   1.151770e+00   1.583141e+00
   176.60   1.160866e+00   1.582069e+00
   176.70   1.170036e+00   1.580066e+00
   176.80   1.179105e+00   1.577151e+00
   176.90   1.187894e+00   1.573360e+00
   177.00   1.196219e+00   1.568735e+00
   177.10   1.203748e+00   1.562348e+00
   177.20   1.211045e+00   1.555330e+00
   177.30   1.218053e+00   1.548074e+00
   177.40   1.224715e+00   1.540901e+00
   177.50   1.230973e+00   1.534071e+00
   177.60   1.236767e+00   1.527792e+00
   177.70   1.242038e+00   1.522227e+00
   177.80   1.246727e+00   1.517499e+00
   177.90   1.250774e+00   1.513704e+00
   178.00   1.254118e+00   1.510911e+00
   178.10   1.257131e+00   1.510927e+00
   178.20   1.259466e+00   1.511609e+00
   178.30   1.261168e+00   1.512680e+00
   178.40   1.262278e+00   1.513899e+00
   178.50   1.262845e+00   1.515059e+00
   178.60   1.262915e+00   1.515982e+00
   178.70   1.262534e+00   1.516517e+00
   178.80   1.261750e+00   1.516539e+00
   178.90   1.260612e+00   1.515945e+00
   179.00   1.259168e+00   1.514656e+00
   179.10   1.258149e+00   1.512819e+00
   179.20   1.256769e+00   1.510588e+00
   179.30   1.255064e+00   1.508008e+00
   179.40   1.253069e+00   1.505120e+00
   179.50   1.250817e+00   1.501964e+00
   179.60   1.248343e+00   1.498577e+00
   179.70   1.245681e+00   1.494996e+00
   179.80   1.242866e+00   1.491252e+00
   179.90   1.239931e+00   1.487377e+00
   180.00   1.236909e+00   1.483400e+00
   180.10   1.234241e+00   1.480101e+00
   180.20   1.231458e+00   1.476705e+00
   180.30   1.228581e+00   1.473217e+00
   180.40   1.225637e+00   1.469643e+00
   180.50   1.222648e+00   1.465991e+00
   180.60   1.219637e+00   1.462267e+00
   180.70   1.216627e+00   1.458482e+00
   180.80   1.213642e+00   1.454645e+00
   180.90   1.210703e+00   1.450765e+00
   181.00   1.207833e+00   1.446852e+00
   181.10   1.205468e+00   1.443516e+00
   181.20   1.203175e+00   1.440163e+00
   181.30   1.200940e+00   1.436786e+00
   181.40   1.198749e+00   1.433378e+00
   181.50   1.196588e+00   1.429937e+00
   181.60   1.194444e+00   1.426460e+00
   181.70   1.192302e+00   1.422946e+00
   181.80   1.190150e+00   1.419396e+00
   181.90   1.187974e+00   1.415812e+00
   182.00   1.185760e+00   1.412194e+00
   182.10   1.183924e+00   1.408767e+00
   182.20   1.182086e+00   1.405314e+00
   182.30   1.180227e+00   1.401864e+00
   182.40   1.178326e+00   1.398446e+00
   182.50   1.176365e+00   1.395081e+00
   182.60   1.174326e+00   1.391789e+00
   182.70   1.172188e+00   1.388587e+00
   182.80   1.169935e+00   1.385489e+00
   182.90   1.167547e+00   1.382507e+00
   183.00   1.165007e+00   1.379648e+00
   183.10   1.162907e+00   1.376925e+00
   183.20   1.160698e+00   1.374275e+00
   183.30   1.158361e+00   1.371722e+00
   183.40   1.155873e+00   1.369287e+00
   183.50   1.153215e+00   1.366987e+00
   183.60   1.150366e+00   1.364837e+00
   183.70   1.147306e+00   1.362848e+00
   183.80   1.144016e+00   1.361030e+00
   183.90   1.140476e+00   1.359389e+00
   184.00   1.136668e+00   1.357933e+00
   184.10   1.133172e+00   1.356191e+00
   184.20   1.129429e+00   1.354553e+00
   184.30   1.125449e+00   1.353071e+00
   184.40   1.121240e+00   1.351791e+00
   184.50   1.116809e+00   1.350752e+00
   184.60   1.112169e+00   1.349991e+00
   184.70   1.107325e+00   1.349536e+00
   184.80   1.102288e+00   1.349414e+00
   184.90   1.097067e+00   1.349650e+00
   185.00   1.091671e+00   1.350262e+00
   185.10   1.086719e+00   1.350774e+00
   185.20   1.081578e+00   1.351559e+00
   185.30   1.076264e+00   1.352624e+00
   185.40   1.070794e+00   1.353973e+00
   185.50   1.065185e+00   1.355610e+00
   185.60   1.059453e+00   1.357539e+00
   185.70   1.053615e+00   1.359764e+00
   185.80   1.047687e+00   1.362287e+00
   185.90   1.041683e+00   1.365112e+00
   186.00   1.035621e+00   1.368241e+00
   186.10   1.030126e+00   1.371140e+00
   186.20   1.024563e+00   1.374308e+00
   186.30   1.018932e+00   1.377727e+00
   186.40   1.013233e+00   1.381382e+00
   186.50   1.007466e+00   1.385260e+00
   186.60   1.001632e+00   1.389349e+00
   186.70   9.957331e-01   1.393637e+00
   186.80   9.897689e-01   1.398116e+00
   186.90   9.837402e-01   1.402776e+00
   187.00   9.776483e-01   1.407609e+00
   187.10   9.719687e-01   1.415055e+00
   187.20   9.662254e-01   1.423003e+00
   187.30   9.604267e-01   1.431048e+00
   187.40   9.545804e-01   1.438797e+00
   187.50   9.486943e-01   1.445874e+00
   187.60   9.427764e-01   1.451916e+00
   187.70   9.368334e-01   1.456579e+00
   187.80   9.308736e-01   1.459543e+00
   187.90   9.249039e-01   1.460515e+00
   188.00   9.189313e-01   1.459237e+00
   188.10   9.133908e-01   1.455981e+00
   188.20   9.078375e-01   1.450998e+00
   188.30   9.022803e-01   1.444491e+00
   188.40   8.967280e-01   1.436654e+00
   188.50   8.911891e-01   1.427675e+00
   188.60   8.856720e-01   1.417730e+00
   188.70   8.801849e-01   1.406983e+00
   188.80   8.747359e-01   1.395586e+00
   188.90   8.693327e-01   1.383677e+00
   189.00   8.639832e-01   1.371381e+00
   189.10   8.590537e-01   1.358710e+00
   189.20   8.541659e-01   1.345436e+00
   189.30   8.493260e-01   1.331893e+00
   189.40   8.445402e-01   1.318376e+00
   189.50   8.398151e-01   1.305142e+00
   189.60   8.351563e-01   1.292412e+00
   189.70   8.305701e-01   1.280377e+00
   189.80   8.260621e-01   1.269204e+00
   189.90   8.216383e-01   1.259036e+00
   190.00   8.173042e-01   1.250000e+00
   190.10   8.134101e-01   1.243398e+00
   190.20   8.096017e-01   1.237632e+00
   190.30   8.058773e-01   1.232533e+00
   190.40   8.022355e-01   1.227948e+00
   190.50   7.986748e-01   1.223738e+00
   190.60   7.951938e-01   1.219771e+00
   190.70   7.917912e-01   1.215927e+00
   190.80   7.884658e-01   1.212096e+00
   190.90   7.852164e-01   1.208174e+00
   191.00   7.820418e-01   1.204062e+00
   191.10   7.792333e-01   1.199954e+00
   191.20   7.765022e-01   1.195835e+00
   191.30   7.738507e-01   1.191643e+00
   191.40   7.712812e-01   1.187319e+00
   191.50   7.687957e-01   1.182809e+00
   191.60   7.663965e-01   1.178063e+00
   191.70   7.640860e-01   1.173035e+00
   191.80   7.618666e-01   1.167683e+00
   191.90   7.597406e-01   1.161967e+00
   192.00   7.577103e-01   1.155854e+00
   192.10   7.560638e-01   1.149066e+00
   192.20   7.545131e-01   1.141897e+00
   192.30   7.530621e-01   1.134470e+00
   192.40   7.517145e-01   1.126901e+00
   192.50   7.504746e-01   1.119295e+00
   192.60   7.493459e-01   1.111749e+00
   192.70   7.483327e-01   1.104349e+00
   192.80   7.474393e-01   1.097177e+00
   192.90   7.466695e-01   1.090305e+00
   193.00   7.460278e-01   1.083800e+00
   193.10   7.458751e-01   1.077975e+00
   193.20   7.458636e-01   1.072380e+00
   193.30   7.459866e-01   1.067011e+00
   193.40   7.462378e-01   1.061863e+00
   193.50   7.466103e-01   1.056931e+00
   193.60   7.470980e-01   1.052211e+00
   193.70   7.476945e-01   1.047697e+00
   193.80   7.483937e-01   1.043386e+00
   193.90   7.491893e-01   1.039273e+00
   194.00   7.500753e-01   1.035353e+00
   194.10   7.514547e-01   1.031076e+00
   194.20   7.529553e-01   1.026932e+00
   194.30   7.545694e-01   1.022966e+00
   194.40   7.562894e-01   1.019221e+00
   194.50   7.581079e-01   1.015737e+00
   194.60   7.600175e-01   1.012554e+00
   194.70   7.620103e-01   1.009709e+00
   194.80   7.640790e-01   1.007240e+00
   194.90   7.662161e-01   1.005183e+00
   195.00   7.684141e-01   1.003576e+00
   195.10   7.712321e-01   1.001397e+00
   195.20   7.741534e-01   9.995223e-01
   195.30   7.771661e-01   9.980350e-01
   195.40   7.802582e-01   9.970189e-01
   195.50   7.834178e-01   9.965585e-01
   195.60   7.866324e-01   9.967402e-01
   195.70   7.898897e-01   9.976541e-01
   195.80   7.931772e-01   9.993959e-01
   195.90   7.964825e-01   1.002068e+00
   196.00   7.997924e-01   1.005785e+00
   196.10   8.039143e-01   1.011441e+00
   196.20   8.081050e-01   1.018381e+00
   196.30   8.123415e-01   1.026422e+00
   196.40   8.166006e-01   1.035373e+00
   196.50   8.208590e-01   1.045038e+00
   196.60   8.250926e-01   1.055207e+00
   196.70   8.292769e-01   1.065652e+00
   196.80   8.333871e-01   1.076123e+00
   196.90   8.373982e-01   1.086348e+00
   197.00   8.412843e-01   1.096026e+00
   197.10   8.461338e-01   1.105492e+00
   197.20   8.509225e-01   1.114848e+00
   197.30   8.556054e-01   1.123909e+00
   197.40   8.601368e-01   1.132469e+00
   197.50   8.644701e-01   1.140304e+00
   197.60   8.685581e-01   1.147172e+00
   197.70   8.723529e-01   1.152809e+00
   197.80   8.758062e-01   1.156935e+00
   197.90   8.788692e-01   1.159258e+00
   198.00   8.814940e-01   1.159472e+00
   198.10   8.849414e-01   1.156655e+00
   198.20   8.879709e-01   1.151427e+00
   198.30   8.905575e-01   1.144098e+00
   198.40   8.926765e-01   1.134997e+00
   198.50   8.943047e-01   1.124462e+00
   198.60   8.954187e-01   1.112836e+00
   198.70   8.959964e-01   1.100466e+00
   198.80   8.960165e-01   1.087691e+00
   198.90   8.954586e-01   1.074853e+00
   199.00   8.943039e-01   1.062286e+00
   199.10   8.939471e-01   1.050015e+00
   199.20   8.929734e-01   1.037341e+00
   199.30   8.913837e-01   1.024511e+00
   199.40   8.891798e-01   1.011778e+00
   199.50   8.863651e-01   9.993944e-01
   199.60   8.829441e-01   9.876227e-01
   199.70   8.789229e-01   9.767340e-01
   199.80   8.743086e-01   9.670166e-01
   199.90   8.691097e-01   9.587831e-01
   200.00   8.633358e-01   9.523810e-01
   200.10   8.580666e-01   9.496538e-01
   200.20   8.521553e-01   9.491628e-01
   200.30   8.456542e-01   9.506984e-01
   200.40   8.386155e-01   9.540466e-01
   200.50   8.310912e-01   9.589736e-01
   200.60   8.231329e-01   9.652067e-01
   200.70   8.147914e-01   9.724152e-01
   200.80   8.061166e-01   9.801891e-01
   200.90   7.971576e-01   9.880166e-01
   201.00   7.879615e-01   9.952648e-01
   201.10   7.789254e-01   9.980285e-01
   201.20   7.695106e-01   1.000113e+00
   201.30   7.598168e-01   1.001554e+00
   201.40   7.499406e-01   1.002400e+00
   201.50   7.399738e-01   1.002716e+00
   201.60   7.300043e-01   1.002587e+00
   201.70   7.201148e-01   1.002113e+00
   201.80   7.103845e-01   1.001422e+00
   201.90   7.008877e-01   1.000659e+00
   202.00   6.916952e-01   1.000000e+00
   202.10   6.825979e-01   1.000727e+00
   202.20   6.736150e-01   1.001508e+00
   202.30   6.648183e-01   1.002339e+00
   202.40   6.562760e-01   1.003215e+00
   202.50   6.480520e-01   1.004130e+00
   202.60   6.402081e-01   1.005074e+00
   202.70   6.328021e-01   1.006039e+00
   202.80   6.258901e-01   1.007014e+00
   202.90   6.195258e-01   1.007985e+00
   203.00   6.137614e-01   1.008938e+00
   203.10   6.081970e-01   1.010048e+00
   203.20   6.031203e-01   1.011158e+00
   203.30   5.985160e-01   1.012249e+00
   203.40   5.943702e-01   1.013299e+00
   203.50   5.906699e-01   1.014282e+00
   203.60   5.874034e-01   1.015174e+00
   203.70   5.845601e-01   1.015946e+00
   203.80   5.821301e-01   1.016572e+00
   203.90   5.801045e-01   1.017020e+00
   204.00   5.784756e-01   1.017262e+00
   204.10   5.766235e-01   1.016672e+00
   204.20   5.751747e-01   1.015692e+00
   204.30   5.740943e-01   1.014423e+00
   204.40   5.733485e-01   1.012979e+00
   204.50   5.729043e-01   1.011488e+00
   204.60   5.727292e-01   1.010087e+00
   204.70   5.727912e-01   1.008927e+00
   204.80   5.730585e-01   1.008165e+00
   204.90   5.734994e-01   1.007973e+00
   205.00   5.740827e-01   1.008534e+00
   205.10   5.743079e-01   1.011438e+00
   205.20   5.747274e-01   1.015363e+00
   205.30   5.753138e-01   1.020156e+00
   205.40   5.760393e-01   1.025641e+00
   205.50   5.768763e-01   1.031619e+00
   205.60   5.777972e-01   1.037865e+00
   205.70   5.787741e-01   1.044122e+00
   205.80   5.797787e-01   1.050108e+00
   205.90   5.807829e-01   1.055506e+00
   206.00   5.817581e-01   1.059975e+00
   206.10   5.824189e-01   1.062374e+00
   206.20   5.831088e-01   1.063819e+00
   206.30   5.838075e-01   1.064351e+00
   206.40   5.844945e-01   1.064025e+00
   206.50   5.851493e-01   1.062907e+00
   206.60   5.857512e-01   1.061074e+00
   206.70   5.862793e-01   1.058614e+00
   206.80   5.867127e-01   1.055619e+00
   206.90   5.870308e-01   1.052190e+00
   207.00   5.872124e-01   1.048433e+00
   207.10   5.871915e-01   1.044411e+00
   207.20   5.870766e-01   1.039751e+00
   207.30   5.868553e-01   1.034614e+00
   207.40   5.865152e-01   1.029169e+00
   207.50   5.860445e-01   1.023589e+00
   207.60   5.854309e-01   1.018050e+00
   207.70   5.846623e-01   1.012734e+00
   207.80   5.837271e-01   1.007825e+00
   207.90   5.826137e-01   1.003514e+00
   208.00   5.813107e-01   1.000000e+00
   208.10   5.797727e-01   9.983789e-01
   208.20   5.780573e-01   9.976065e-01
   208.30   5.761781e-01   9.975730e-01
   208.40   5.741474e-01   9.981629e-01
   208.50   5.719791e-01   9.992534e-01
   208.60   5.696858e-01   1.000711e+00
   208.70   5.672805e-01   1.002393e+00
   208.80   5.647761e-01   1.004140e+00
   208.90   5.621849e-01   1.005780e+00
   209.00   5.595197e-01   1.007126e+00
   209.10   5.567488e-01   1.006993e+00
   209.20   5.538861e-01   1.006626e+00
   209.30   5.509500e-01   1.006052e+00
   209.40   5.479585e-01   1.005302e+00
   209.50   5.449297e-01   1.004410e+00
   209.60   5.418813e-01   1.003414e+00
   209.70   5.388302e-01   1.002352e+00
   209.80   5.357933e-01   1.001267e+00
   209.90   5.327868e-01   1.000205e+00
   210.00   5.298266e-01   9.992142e-01
   210.10   5.267997e-01   9.980937e-01
   210.20   5.237976e-01   9.969444e-01
   210.30   5.208321e-01   9.958223e-01
   210.40   5.179158e-01   9.947866e-01
   210.50   5.150603e-01   9.938998e-01
   210.60   5.122771e-01   9.932289e-01
   210.70   5.095779e-01   9.928442e-01
   210.80   5.069734e-01   9.928203e-01
   210.90   5.044746e-01   9.932368e-01
   211.00   5.020922e-01   9.941778e-01
   211.10   4.998387e-01   9.957137e-01
   211.20   4.977136e-01   9.978369e-01
   211.30   4.956942e-01   1.000519e+00
   211.40   4.937592e-01   1.003730e+00
   211.50   4.918866e-01   1.007436e+00
   211.60   4.900556e-01   1.011601e+00
   211.70   4.882454e-01   1.016188e+00
   211.80   4.864352e-01   1.021155e+00
   211.90   4.846052e-01   1.026457e+00
   246.00   1.335038e+00   2.714046e+00
   246.10   1.332231e+00   2.720245e+00
   246.20   1.329592e+00   2.726755e+00
   246.30   1.327080e+00   2.733472e+00
   246.40   1.324654e+00   2.740290e+00
   246.50   1.322276e+00   2.747109e+00
   246.60   1.319906e+00   2.753827e+00
   246.70   1.317504e+00   2.760348e+00
   246.80   1.315032e+00   2.766574e+00
   246.90   1.312451e+00   2.772412e+00
   247.00   1.309724e+00   2.777770e+00
   247.10   1.307037e+00   2.783340e+00
   247.20   1.304272e+00   2.788637e+00
   247.30   1.301397e+00   2.793560e+00
   247.40   1.298381e+00   2.798012e+00
   247.50   1.295192e+00   2.801896e+00
   247.60   1.291798e+00   2.805121e+00
   247.70   1.288169e+00   2.807595e+00
   247.80   1.284276e+00   2.809230e+00
   247.90   1.280088e+00   2.809942e+00
   248.00   1.275576e+00   2.809647e+00
   248.10   1.270409e+00   2.807948e+00
   248.20   1.264873e+00   2.805215e+00
   248.30   1.259058e+00   2.801634e+00
   248.40   1.253048e+00   2.797388e+00
   248.50   1.246929e+00   2.792656e+00
   248.60   1.240785e+00   2.787611e+00
   248.70   1.234698e+00   2.782425e+00
   248.80   1.228747e+00   2.777264e+00
   248.90   1.223012e+00   2.772290e+00
   249.00   1.217569e+00   2.767661e+00
   249.10   1.212070e+00   2.762786e+00
   249.20   1.206707e+00   2.757908e+00
   249.30   1.201547e+00   2.753214e+00
   249.40   1.196660e+00   2.748889e+00
   249.50   1.192111e+00   2.745109e+00
   249.60   1.187967e+00   2.742047e+00
   249.70   1.184294e+00   2.739870e+00
   249.80   1.181156e+00   2.738738e+00
   249.90   1.178619e+00   2.738808e+00
   250.00   1.176747e+00   2.740227e+00
   250.10   1.175754e+00   2.743902e+00
   250.20   1.175454e+00   2.748905e+00
   250.30   1.175741e+00   2.754975e+00
   250.40   1.176512e+00   2.761856e+00
   250.50   1.177662e+00   2.769300e+00
   250.60   1.179088e+00   2.777066e+00
   250.70   1.180686e+00   2.784921e+00
   250.80   1.182350e+00   2.792639e+00
   250.90   1.183977e+00   2.800000e+00
   251.00   1.185460e+00   2.806795e+00
   251.10   1.186377e+00   2.812722e+00
   251.20   1.187285e+00   2.818419e+00
   251.30   1.188149e+00   2.823795e+00
   251.40   1.188936e+00   2.828763e+00
   251.50   1.189616e+00   2.833242e+00
   251.60   1.190153e+00   2.837152e+00
   251.70   1.190516e+00   2.840416e+00
   251.80   1.190670e+00   2.842964e+00
   251.90   1.190585e+00   2.844725e+00
   252.00   1.190226e+00   2.845636e+00
   252.10   1.189584e+00   2.845937e+00
   252.20   1.188682e+00   2.845459e+00
   252.30   1.187536e+00   2.844279e+00
   252.40   1.186167e+00   2.842476e+00
   252.50   1.184592e+00   2.840124e+00
   252.60   1.182830e+00   2.837294e+00
   252.70   1.180901e+00   2.834057e+00
   252.80   1.178822e+00   2.830479e+00
   252.90   1.176614e+00   2.826626e+00
   253.00   1.174295e+00   2.822559e+00
   253.10   1.172079e+00   2.818858e+00
   253.20   1.169732e+00   2.814851e+00
   253.30   1.167265e+00   2.810592e+00
   253.40   1.164689e+00   2.806134e+00
   253.50   1.162016e+00   2.801526e+00
   253.60   1.159256e+00   2.796816e+00
   253.70   1.156420e+00   2.792050e+00
   253.80   1.153520e+00   2.787272e+00
   253.90   1.150567e+00   2.782523e+00
   254.00   1.147571e+00   2.777844e+00
   254.10   1.144701e+00   2.773310e+00
   254.20   1.141793e+00   2.768764e+00
   254.30   1.138840e+00   2.764247e+00
   254.40   1.135839e+00   2.759794e+00
   254.50   1.132787e+00   2.755440e+00
   254.60   1.129680e+00   2.751221e+00
   254.70   1.126513e+00   2.747167e+00
   254.80   1.123283e+00   2.743309e+00
   254.90   1.119987e+00   2.739675e+00
   255.00   1.116621e+00   2.736293e+00
   255.10   1.113248e+00   2.733783e+00
   255.20   1.109813e+00   2.731551e+00
   255.30   1.106323e+00   2.729502e+00
   255.40   1.102783e+00   2.727549e+00
   255.50   1.099201e+00   2.725604e+00
   255.60   1.095582e+00   2.723583e+00
   255.70   1.091932e+00   2.721406e+00
   255.80   1.088257e+00   2.718997e+00
   255.90   1.084564e+00   2.716280e+00
   256.00   1.080858e+00   2.713185e+00
   256.10   1.077229e+00   2.710069e+00
   256.20   1.073585e+00   2.706707e+00
   256.30   1.069932e+00   2.703068e+00
   256.40   1.066274e+00   2.699124e+00
   256.50   1.062617e+00   2.694844e+00
   256.60   1.058967e+00   2.690204e+00
   256.70   1.055330e+00   2.685179e+00
   256.80   1.051709e+00   2.679744e+00
   256.90   1.048111e+00   2.673880e+00
   257.00   1.044541e+00   2.667566e+00
   257.10   1.041086e+00   2.661108e+00
   257.20   1.037661e+00   2.654217e+00
   257.30   1.034266e+00   2.646954e+00
   257.40   1.030900e+00   2.639379e+00
   257.50   1.027567e+00   2.631548e+00
   257.60   1.024264e+00   2.623516e+00
   257.70   1.020995e+00   2.615334e+00
   257.80   1.017757e+00   2.607052e+00
   257.90   1.014554e+00   2.598716e+00
   258.00   1.011385e+00   2.590371e+00
   258.10   1.008289e+00   2.581866e+00
   258.20   1.005230e+00   2.573219e+00
   258.30   1.002211e+00   2.564538e+00
   258.40   9.992384e-01   2.555924e+00
   258.50   9.963158e-01   2.547474e+00
   258.60   9.934480e-01   2.539279e+00
   258.70   9.906392e-01   2.531425e+00
   258.80   9.878945e-01   2.523995e+00
   258.90   9.852181e-01   2.517068e+00
   259.00   9.826145e-01   2.510718e+00
   259.10   9.801303e-01   2.505236e+00
   259.20   9.777183e-01   2.500242e+00
   259.30   9.753808e-01   2.495679e+00
   259.40   9.731217e-01   2.491496e+00
   259.50   9.709433e-01   2.487640e+00
   259.60   9.688494e-01   2.484064e+00
   259.70   9.668427e-01   2.480721e+00
   259.80   9.649265e-01   2.477566e+00
   259.90   9.631038e-01   2.474555e+00
   260.00   9.613779e-01   2.471646e+00
   260.10   9.598081e-01   2.468685e+00
   260.20   9.583406e-01   2.465896e+00
   260.30   9.569740e-01   2.463242e+00
   260.40   9.557068e-01   2.460687e+00
   260.50   9.545376e-01   2.458196e+00
   260.60   9.534652e-01   2.455734e+00
   260.70   9.524882e-01   2.453271e+00
   260.80   9.516040e-01   2.450773e+00
   260.90   9.508080e-01   2.448211e+00
   261.00   9.500947e-01   2.445554e+00
   261.10   9.495014e-01   2.442955e+00
   261.20   9.489917e-01   2.440321e+00
   261.30   9.485636e-01   2.437627e+00
   261.40   9.482153e-01   2.434849e+00
   261.50   9.479447e-01   2.431967e+00
   261.60   9.477503e-01   2.428960e+00
   261.70   9.476300e-01   2.425805e+00
   261.80   9.475821e-01   2.422484e+00
   261.90   9.476050e-01   2.418978e+00
   262.00   9.476970e-01   2.415269e+00
   262.10   9.479064e-01   2.411781e+00
   262.20   9.481815e-01   2.408140e+00
   262.30   9.485229e-01   2.404327e+00
   262.40   9.489302e-01   2.400322e+00
   262.50   9.494040e-01   2.396107e+00
   262.60   9.499439e-01   2.391663e+00
   262.70   9.505506e-01   2.386975e+00
   262.80   9.512239e-01   2.382026e+00
   262.90   9.519641e-01   2.376800e+00
   263.00   9.527718e-01   2.371285e+00
   263.10   9.537402e-01   2.365584e+00
   263.20   9.547777e-01   2.359589e+00
   263.30   9.558792e-01   2.353354e+00
   263.40   9.570385e-01   2.346929e+00
   263.50   9.582500e-01   2.340364e+00
   263.60   9.595080e-01   2.333706e+00
   263.70   9.608065e-01   2.327000e+00
   263.80   9.621400e-01   2.320288e+00
   263.90   9.635027e-01   2.313612e+00
   264.00   9.648888e-01   2.307010e+00
   264.10   9.663607e-01   2.300685e+00
   264.20   9.678593e-01   2.294366e+00
   264.30   9.693837e-01   2.288073e+00
   264.40   9.709339e-01   2.281828e+00
   264.50   9.725099e-01   2.275653e+00
   264.60   9.741113e-01   2.269565e+00
   264.70   9.757380e-01   2.263584e+00
   264.80   9.773898e-01   2.257728e+00
   264.90   9.790666e-01   2.252015e+00
   265.00   9.807684e-01   2.246460e+00
   265.10   9.826286e-01   2.241119e+00
   265.20   9.845166e-01   2.235911e+00
   265.30   9.864272e-01   2.230829e+00
   265.40   9.883556e-01   2.225867e+00
   265.50   9.902962e-01   2.221019e+00
   265.60   9.922435e-01   2.216279e+00
   265.70   9.941923e-01   2.211642e+00
   265.80   9.961373e-01   2.207103e+00
   265.90   9.980733e-01   2.202654e+00
   266.00   9.999943e-01   2.198292e+00
   266.10   1.001984e+00   2.193779e+00
   266.20   1.003959e+00   2.189332e+00
   266.30   1.005922e+00   2.184970e+00
   266.40   1.007875e+00   2.180712e+00
   266.50   1.009824e+00   2.176576e+00
   266.60   1.011770e+00   2.172580e+00
   266.70   1.013717e+00   2.168741e+00
   266.80   1.015669e+00   2.165074e+00
   266.90   1.017628e+00   2.161598e+00
   267.00   1.019599e+00   2.158329e+00
   267.10   1.021766e+00   2.155355e+00
   267.20   1.023947e+00   2.152589e+00
   267.30   1.026135e+00   2.149995e+00
   267.40   1.028321e+00   2.147545e+00
   267.50   1.030499e+00   2.145206e+00
   267.60   1.032660e+00   2.142949e+00
   267.70   1.034799e+00   2.140745e+00
   267.80   1.036905e+00   2.138564e+00
   267.90   1.038972e+00   2.136379e+00
   268.00   1.040992e+00   2.134161e+00
   268.10   1.043150e+00   2.131658e+00
   268.20   1.045274e+00   2.129137e+00
   268.30   1.047357e+00   2.126613e+00
   268.40   1.049390e+00   2.124100e+00
   268.50   1.051366e+00   2.121614e+00
   268.60   1.053277e+00   2.119166e+00
   268.70   1.055117e+00   2.116770e+00
   268.80   1.056877e+00   2.114440e+00
   268.90   1.058553e+00   2.112188e+00
   269.00   1.060136e+00   2.110026e+00
   269.10   1.061811e+00   2.107960e+00
   269.20   1.063398e+00   2.105970e+00
   269.30   1.064901e+00   2.104052e+00
   269.40   1.066324e+00   2.102201e+00
   269.50   1.067671e+00   2.100414e+00
   269.60   1.068944e+00   2.098687e+00
   269.70   1.070149e+00   2.097018e+00
   269.80   1.071288e+00   2.095401e+00
   269.90   1.072366e+00   2.093835e+00
   270.00   1.073386e+00   2.092315e+00
   270.10   1.074652e+00   2.090701e+00
   270.20   1.075867e+00   2.089129e+00
   270.30   1.077023e+00   2.087605e+00
   270.40   1.078114e+00   2.086136e+00
   270.50   1.079132e+00   2.084725e+00
   270.60   1.080070e+00   2.083381e+00
   270.70   1.080921e+00   2.082107e+00
   270.80   1.081679e+00   2.080911e+00
   270.90   1.082335e+00   2.079797e+00
   271.00   1.082883e+00   2.078772e+00
   271.10   1.083560e+00   2.077919e+00
   271.20   1.084135e+00   2.077172e+00
   271.30   1.084614e+00   2.076505e+00
   271.40   1.084997e+00   2.075896e+00
   271.50   1.085287e+00   2.075319e+00
   271.60   1.085490e+00   2.074752e+00
   271.70   1.085607e+00   2.074171e+00
   271.80   1.085641e+00   2.073550e+00
   271.90   1.085596e+00   2.072867e+00
   272.00   1.085474e+00   2.072096e+00
   272.10   1.085568e+00   2.070753e+00
   272.20   1.085585e+00   2.069288e+00
   272.30   1.085527e+00   2.067756e+00
   272.40   1.085396e+00   2.066215e+00
   272.50   1.085193e+00   2.064721e+00
   272.60   1.084921e+00   2.063333e+00
   272.70   1.084581e+00   2.062108e+00
   272.80   1.084175e+00   2.061104e+00
   272.90   1.083706e+00   2.060381e+00
   273.00   1.083176e+00   2.059999e+00
   273.10   1.082861e+00   2.059539e+00
   273.20   1.082487e+00   2.059322e+00
   273.30   1.082054e+00   2.059392e+00
   273.40   1.081564e+00   2.059796e+00
   273.50   1.081018e+00   2.060582e+00
   273.60   1.080418e+00   2.061800e+00
   273.70   1.079767e+00   2.063500e+00
   273.80   1.079064e+00   2.065736e+00
   273.90   1.078313e+00   2.068563e+00
   274.00   1.077514e+00   2.072042e+00
   274.10   1.076940e+00   2.075860e+00
   274.20   1.076322e+00   2.080357e+00
   274.30   1.075660e+00   2.085505e+00
   274.40   1.074956e+00   2.091279e+00
   274.50   1.074212e+00   2.097651e+00
   274.60   1.073430e+00   2.104596e+00
   274.70   1.072611e+00   2.112087e+00
   274.80   1.071758e+00   2.120096e+00
   274.90   1.070871e+00   2.128595e+00
   275.00   1.069953e+00   2.137554e+00
   275.10   1.069274e+00   2.146763e+00
   275.20   1.068567e+00   2.156610e+00
   275.30   1.067833e+00   2.167030e+00
   275.40   1.067073e+00   2.177955e+00
   275.50   1.066290e+00   2.189311e+00
   275.60   1.065483e+00   2.201019e+00
   275.70   1.064655e+00   2.212996e+00
   275.80   1.063808e+00   2.225151e+00
   275.90   1.062942e+00   2.237387e+00
   276.00   1.062059e+00   2.249598e+00
   276.10   1.061387e+00   2.262255e+00
   276.20   1.060695e+00   2.275116e+00
   276.30   1.059993e+00   2.288081e+00
   276.40   1.059286e+00   2.301039e+00
   276.50   1.058580e+00   2.313870e+00
   276.60   1.057877e+00   2.326447e+00
   276.70   1.057181e+00   2.338631e+00
   276.80   1.056494e+00   2.350274e+00
   276.90   1.055821e+00   2.361217e+00
   277.00   1.055164e+00   2.371293e+00
   277.10   1.054788e+00   2.380629e+00
   277.20   1.054421e+00   2.389042e+00
   277.30   1.054058e+00   2.396588e+00
   277.40   1.053694e+00   2.403326e+00
   277.50   1.053325e+00   2.409321e+00
   277.60   1.052946e+00   2.414644e+00
   277.70   1.052553e+00   2.419371e+00
   277.80   1.052139e+00   2.423584e+00
   277.90   1.051702e+00   2.427369e+00
   278.00   1.051236e+00   2.430817e+00
   278.10   1.050897e+00   2.435210e+00
   278.20   1.050519e+00   2.439123e+00
   278.30   1.050109e+00   2.442579e+00
   278.40   1.049675e+00   2.445600e+00
   278.50   1.049221e+00   2.448214e+00
   278.60   1.048756e+00   2.450446e+00
   278.70   1.048285e+00   2.452325e+00
   278.80   1.047815e+00   2.453882e+00
   278.90   1.047353e+00   2.455148e+00
   279.00   1.046905e+00   2.456158e+00
   279.10   1.046572e+00   2.457394e+00
   279.20   1.046227e+00   2.458275e+00
   279.30   1.045882e+00   2.458837e+00
   279.40   1.045551e+00   2.459116e+00
   279.50   1.045245e+00   2.459152e+00
   279.60   1.044976e+00   2.458985e+00
   279.70   1.044757e+00   2.458659e+00
   279.80   1.044601e+00   2.458218e+00
   279.90   1.044520e+00   2.457710e+00
   280.00   1.044525e+00   2.457183e+00
   280.10   1.044732e+00   2.456686e+00
   280.20   1.045011e+00   2.456066e+00
   280.30   1.045359e+00   2.455373e+00
   280.40   1.045771e+00   2.454658e+00
   280.50   1.046246e+00   2.453973e+00
   280.60   1.046779e+00   2.453373e+00
   280.70   1.047367e+00   2.452917e+00
   280.80   1.048008e+00   2.452662e+00
   280.90   1.048699e+00   2.452672e+00
   281.00   1.049436e+00   2.453012e+00
   281.10   1.050248e+00   2.454093e+00
   281.20   1.051107e+00   2.455544e+00
   281.30   1.052010e+00   2.457311e+00
   281.40   1.052954e+00   2.459336e+00
   281.50   1.053935e+00   2.461559e+00
   281.60   1.054951e+00   2.463917e+00
   281.70   1.055998e+00   2.466343e+00
   281.80   1.057073e+00   2.468768e+00
   281.90   1.058174e+00   2.471117e+00
   282.00   1.059296e+00   2.473315e+00
   282.10   1.060442e+00   2.475006e+00
   282.20   1.061604e+00   2.476585e+00
   282.30   1.062786e+00   2.478061e+00
   282.40   1.063991e+00   2.479444e+00
   282.50   1.065223e+00   2.480740e+00
   282.60   1.066482e+00   2.481961e+00
   282.70   1.067774e+00   2.483117e+00
   282.80   1.069102e+00   2.484217e+00
   282.90   1.070468e+00   2.485274e+00
   283.00   1.071875e+00   2.486298e+00
   283.10   1.073321e+00   2.487422e+00
   283.20   1.074798e+00   2.488489e+00
   283.30   1.076308e+00   2.489507e+00
   283.40   1.077855e+00   2.490486e+00
   283.50   1.079442e+00   2.491434e+00
   283.60   1.081073e+00   2.492359e+00
   283.70   1.082750e+00   2.493273e+00
   283.80   1.084478e+00   2.494184e+00
   283.90   1.086260e+00   2.495103e+00
   284.00   1.088099e+00   2.496042e+00
   284.10   1.090021e+00   2.497173e+00
   284.20   1.091999e+00   2.498327e+00
   284.30   1.094027e+00   2.499493e+00
   284.40   1.096100e+00   2.500662e+00
   284.50   1.098215e+00   2.501822e+00
   284.60   1.100366e+00   2.502963e+00
   284.70   1.102548e+00   2.504072e+00
   284.80   1.104758e+00   2.505136e+00
   284.90   1.106989e+00   2.506143e+00
   285.00   1.109238e+00   2.507079e+00
   285.10   1.111524e+00   2.508058e+00
   285.20   1.113841e+00   2.508981e+00
   285.30   1.116181e+00   2.509840e+00
   285.40   1.118541e+00   2.510624e+00
   285.50   1.120913e+00   2.511325e+00
   285.60   1.123293e+00   2.511931e+00
   285.70   1.125674e+00   2.512433e+00
   285.80   1.128051e+00   2.512819e+00
   285.90   1.130418e+00   2.513077e+00
   286.00   1.132770e+00   2.513198e+00
   286.10   1.135109e+00   2.513233e+00
   286.20   1.137434e+00   2.513111e+00
   286.30   1.139752e+00   2.512845e+00
   286.40   1.142065e+00   2.512448e+00
   286.50   1.144378e+00   2.511932e+00
   286.60   1.146696e+00   2.511311e+00
   286.70   1.149023e+00   2.510601e+00
   286.80   1.151363e+00   2.509816e+00
   286.90   1.153721e+00   2.508972e+00
   287.00   1.156101e+00   2.508087e+00
   287.10   1.158524e+00   2.507221e+00
   287.20   1.160962e+00   2.506275e+00
   287.30   1.163420e+00   2.505267e+00
   287.40   1.165904e+00   2.504211e+00
   287.50   1.168419e+00   2.503124e+00
   287.60   1.170973e+00   2.502024e+00
   287.70   1.173571e+00   2.500929e+00
   287.80   1.176218e+00   2.499858e+00
   287.90   1.178922e+00   2.498831e+00
   288.00   1.181687e+00   2.497869e+00
   288.10   1.184584e+00   2.497027e+00
   288.20   1.187546e+00   2.496241e+00
   288.30   1.190568e+00   2.495509e+00
   288.40   1.193645e+00   2.494827e+00
   288.50   1.196769e+00   2.494190e+00
   288.60   1.199936e+00   2.493594e+00
   288.70   1.203138e+00   2.493033e+00
   288.80   1.206370e+00   2.492505e+00
   288.90   1.209625e+00   2.492002e+00
   289.00   1.212897e+00   2.491520e+00
   289.10   1.216216e+00   2.490903e+00
   289.20   1.219565e+00   2.490305e+00
   289.30   1.222940e+00   2.489733e+00
   289.40   1.226339e+00   2.489195e+00
   289.50   1.229759e+00   2.488700e+00
   289.60   1.233199e+00   2.488255e+00
   289.70   1.236655e+00   2.487870e+00
   289.80   1.240125e+00   2.487555e+00
   289.90   1.243606e+00   2.487318e+00
   290.00   1.247097e+00   2.487170e+00
   290.10   1.250667e+00   2.486908e+00
   290.20   1.254253e+00   2.486715e+00
   290.30   1.257853e+00   2.486607e+00
   290.40   1.261468e+00   2.486603e+00
   290.50   1.265099e+00   2.486720e+00
   290.60   1.268744e+00   2.486979e+00
   290.70   1.272405e+00   2.487400e+00
   290.80   1.276081e+00   2.488004e+00
   290.90   1.279772e+00   2.488812e+00
   291.00   1.283478e+00   2.489850e+00
