# G(T) for Warren+2012 lines. CHIANTI /opt/ssw/packages/chianti/dbase
# abund = sun_coronal_1992_feldman   ioneq = chianti.ioneq   logNe =  9.0
# G = Ab(Z) * ioneq * (N_H/N_e=0.83) * emiss_calc  [erg cm^3 s^-1]
# nT nline
          61      22
# logT
       5.0000000       5.0500000       5.1000000       5.1500000       5.2000000
       5.2500000       5.3000000       5.3500000       5.4000000       5.4500000
       5.5000000       5.5500000       5.6000000       5.6500000       5.7000000
       5.7500000       5.8000000       5.8500000       5.9000000       5.9500000
       6.0000000       6.0500000       6.1000000       6.1500000       6.2000000
       6.2500000       6.3000000       6.3500000       6.4000000       6.4500000
       6.5000000       6.5500000       6.6000000       6.6500000       6.7000000
       6.7500000       6.8000000       6.8500000       6.9000000       6.9500000
       7.0000000       7.0500000       7.1000000       7.1500000       7.2000000
       7.2500000       7.3000000       7.3500000       7.4000000       7.4500000
       7.5000000       7.5500000       7.6000000       7.6500000       7.7000000
       7.7500000       7.8000000       7.8500000       7.9000000       7.9500000
       8.0000000
# ion wvl_target wvl_chianti
Si VII  275.3680  275.3610
Fe IX  188.4970  188.4930
Fe IX  197.8620  197.8540
Fe X  184.5360  184.5370
Fe XI  180.4010  180.4010
Fe XI  188.2160  188.2160
S X  264.2330  264.2300
Si X  258.3750  258.3740
Fe XII  192.3940  192.3940
Fe XII  195.1190  195.1190
Fe XIII  202.0440  202.0440
Fe XIII  203.8260  203.8260
Fe XIV  264.7870  264.7880
Fe XIV  270.5190  270.5200
Fe XV  284.1600  284.1630
S XIII  256.6860  256.6850
Fe XVI  262.9840  262.9760
Ar XIV  194.3960  194.4010
Ca XIV  193.8740  193.8660
Ca XV  200.9720  200.9710
Ca XVI  208.6040  208.5850
Ca XVII  192.8580  192.8530
# G(T) : nline blocks of nT values
   1.2270877e-39   2.4461815e-37   2.5299884e-35   1.5014802e-33   5.5421982e-32
   1.3592775e-30   2.3304670e-29   2.8969377e-28   2.6577330e-27   1.8062375e-26
   9.0591690e-26   3.3562872e-25   9.2658081e-25   1.9404696e-24   3.1619955e-24
   4.1274594e-24   4.4259083e-24   3.9632064e-24   2.9947589e-24   1.9245221e-24
   1.0584340e-24   5.0054492e-25   2.0221783e-25   6.8484201e-26   1.8595058e-26
   3.8738653e-27   6.3903212e-28   9.3612098e-29   1.3604078e-29   2.0907970e-30
   3.4991608e-31   6.4475316e-32   1.3105528e-32   2.9212287e-33   7.0699737e-34
   1.8312179e-34   4.9887471e-35   1.4047641e-35   4.0108868e-36   1.1406634e-36
   3.1792356e-37   8.5547825e-38   2.2040883e-38   5.4437420e-39   1.3006033e-39
   3.0434770e-40   7.0720173e-41   1.6492036e-41   3.8878304e-42   9.3114592e-43
   2.2726055e-43   5.6556542e-44   1.4368358e-44   3.7239948e-45       0.0000000
       0.0000000       0.0000000       0.0000000       0.0000000       0.0000000
       0.0000000
   9.2639394e-43   7.4477778e-40   2.2572896e-37   3.0491929e-35   2.1214629e-33
   8.3928533e-32   2.0146259e-30   3.0824174e-29   3.1314428e-28   2.1939067e-27
   1.1059776e-26   4.1926691e-26   1.2467419e-25   3.0163395e-25   6.1132024e-25
   1.0604304e-24   1.5978726e-24   2.1056528e-24   2.4185604e-24   2.3829078e-24
   1.9642027e-24   1.3223539e-24   7.1637756e-25   3.0819610e-25   1.0271474e-25
   2.5213251e-26   4.2775873e-27   5.0140999e-28   4.6532652e-29   4.0378050e-30
   3.6135692e-31   3.4654999e-32   3.5872513e-33   3.9786686e-34   4.6593351e-35
   5.6521135e-36   6.9343646e-37   8.3597606e-38   9.5713535e-39   9.9755859e-40
   9.0318032e-41   6.7844938e-42   4.0797003e-43   1.9844444e-44       0.0000000
       0.0000000       0.0000000       0.0000000       0.0000000       0.0000000
       0.0000000       0.0000000       0.0000000       0.0000000       0.0000000
       0.0000000       0.0000000       0.0000000       0.0000000       0.0000000
       0.0000000
   4.3623630e-44   4.5126495e-41   1.7215871e-38   2.8687857e-36   2.4163175e-34
   1.1369484e-32   3.1931818e-31   5.6313186e-30   6.5042659e-29   5.1164255e-28
   2.8630678e-27   1.1923756e-26   3.8590072e-26   1.0076571e-25   2.1875733e-25
   4.0373221e-25   6.4331063e-25   8.9154560e-25   1.0715996e-24   1.0999390e-24
   9.4111735e-25   6.5573120e-25   3.6677084e-25   1.6258292e-25   5.5733327e-26
   1.4049187e-26   2.4434246e-27   2.9302845e-28   2.7762529e-29   2.4538854e-30
   2.2318129e-31   2.1702485e-32   2.2728065e-33   2.5451394e-34   3.0052793e-35
   3.6731978e-36   4.5390229e-37   5.5107471e-38   6.3537153e-39   6.6671333e-40
   6.0694395e-41   4.5739269e-42   2.7520619e-43   1.3359233e-44       0.0000000
       0.0000000       0.0000000       0.0000000       0.0000000       0.0000000
       0.0000000       0.0000000       0.0000000       0.0000000       0.0000000
       0.0000000       0.0000000       0.0000000       0.0000000       0.0000000
       0.0000000
       0.0000000       0.0000000   1.7019127e-44   1.6135056e-41   6.4518551e-39
   1.2247588e-36   1.2058943e-34   6.5849711e-33   2.1126032e-31   4.2007857e-30
   5.4723492e-29   4.9294240e-28   3.2390006e-27   1.6244007e-26   6.4456653e-26
   2.0821624e-25   5.5887201e-25   1.2608110e-24   2.3943675e-24   3.7789401e-24
   4.8530687e-24   4.9719697e-24   4.0097693e-24   2.5195946e-24   1.2057304e-24
   4.1857335e-25   9.9008255e-26   1.5962210e-26   2.0123092e-27   2.3440770e-28
   2.7842892e-29   3.5073232e-30   4.7226121e-31   6.7504564e-32   1.0110643e-32
   1.5567215e-33   2.4088361e-34   3.6415197e-35   5.1949978e-36   6.7128726e-37
   7.4954147e-38   6.8932061e-39   5.0504426e-40   2.9731355e-41   1.5008391e-42
   7.0735344e-44       0.0000000       0.0000000       0.0000000       0.0000000
       0.0000000       0.0000000       0.0000000       0.0000000       0.0000000
       0.0000000       0.0000000       0.0000000       0.0000000       0.0000000
       0.0000000
       0.0000000       0.0000000       0.0000000       0.0000000   7.2631734e-49
   3.1249963e-43   2.2038281e-40   7.0266482e-38   1.0943682e-35   9.0022482e-34
   4.2066981e-32   1.2009802e-30   2.2417337e-29   2.8986352e-28   2.7256224e-27
   1.9355281e-26   1.0693160e-25   4.6862556e-25   1.6390314e-24   4.5530885e-24
   9.8788084e-24   1.6475887e-23   2.0952399e-23   2.0172620e-23   1.4412415e-23
   7.2966076e-24   2.4670060e-24   5.5791025e-25   9.7025058e-26   1.5356335e-26
   2.4454748e-27   4.0783257e-28   7.1828404e-29   1.3293042e-29   2.5505233e-30
   4.9841787e-31   9.7084943e-32   1.8341277e-32   3.2498710e-33   5.1856299e-34
   7.1055855e-35   7.9750828e-36   7.0841810e-37   5.0247722e-38   3.0394677e-39
   1.7106087e-40   9.5910646e-42   5.5811148e-43       0.0000000       0.0000000
       0.0000000       0.0000000       0.0000000       0.0000000       0.0000000
       0.0000000       0.0000000       0.0000000       0.0000000       0.0000000
       0.0000000
       0.0000000       0.0000000       0.0000000       0.0000000   4.5438021e-49
   1.9032474e-43   1.3097960e-40   4.0835688e-38   6.2306366e-36   5.0299916e-34
   2.3106638e-32   6.4954596e-31   1.1956208e-29   1.5266884e-28   1.4195084e-27
   9.9793505e-27   5.4634637e-26   2.3746415e-25   8.2425353e-25   2.2738761e-24
   4.9041274e-24   8.1385717e-24   1.0304636e-23   9.8804997e-24   7.0323952e-24
   3.5481013e-24   1.1959767e-24   2.6974157e-25   4.6792462e-26   7.3874989e-27
   1.1734272e-27   1.9518182e-28   3.4297083e-29   6.3365809e-30   1.2146959e-30
   2.3731539e-31   4.6209990e-32   8.7206768e-33   1.5418469e-33   2.4522607e-34
   3.3487844e-35   3.7482070e-36   3.3241636e-37   2.3570453e-38   1.4261682e-39
   8.0284147e-41   4.5003193e-42   2.6163647e-43       0.0000000       0.0000000
       0.0000000       0.0000000       0.0000000       0.0000000       0.0000000
       0.0000000       0.0000000       0.0000000       0.0000000       0.0000000
       0.0000000
       0.0000000       0.0000000       0.0000000       0.0000000       0.0000000
       0.0000000       0.0000000   1.9003768e-43   8.7045331e-41   1.8727280e-38
   2.1999641e-36   1.5427361e-34   6.8447454e-33   1.9943711e-31   3.9173310e-30
   5.2758437e-29   4.9402385e-28   3.2630328e-27   1.5457186e-26   5.3582025e-26
   1.3906997e-25   2.7725794e-25   4.3334233e-25   5.4184812e-25   5.4986239e-25
   4.5698362e-25   3.1026790e-25   1.6836333e-25   7.0261184e-26   2.2131570e-26
   5.5851305e-27   1.2661423e-27   2.8351572e-28   6.6109776e-29   1.6468879e-29
   4.4157869e-30   1.2736286e-30   3.9225818e-31   1.2752785e-31   4.3198851e-32
   1.5028732e-32   5.2851676e-33   1.8527309e-33   6.3793257e-34   2.1299000e-34
   6.8423853e-35   2.1085830e-35   6.2649228e-36   1.8106954e-36   5.1508853e-37
   1.4569523e-37   4.1334985e-38   1.1835957e-38   3.4323248e-39   1.0104151e-39
   3.0270138e-40   9.2221503e-41   2.8578896e-41   9.0119477e-42   2.8899619e-42
   9.4211152e-43
       0.0000000       0.0000000       0.0000000       0.0000000       0.0000000
       0.0000000       0.0000000   3.8676347e-48   2.5093224e-42   2.1091517e-39
   8.0729523e-37   1.4862457e-34   1.3860986e-32   6.9120326e-31   1.9560272e-29
   3.3350213e-28   3.6192150e-27   2.6133244e-26   1.3029759e-25   4.6386119e-25
   1.2140923e-24   2.3940686e-24   3.6033342e-24   4.1225724e-24   3.4785089e-24
   2.0960005e-24   9.3854243e-25   3.5338101e-25   1.2570047e-25   4.5323034e-26
   1.7120035e-26   6.8813769e-27   2.9565852e-27   1.3549038e-27   6.5688767e-28
   3.3304924e-28   1.7394573e-28   9.2120197e-29   4.8565973e-29   2.5087516e-29
   1.2499699e-29   5.9239200e-30   2.6542962e-30   1.1256221e-30   4.5643831e-31
   1.7939003e-31   6.9322349e-32   2.6635519e-32   1.0261226e-32   3.9842658e-33
   1.5648162e-33   6.2259575e-34   2.5128377e-34   1.0287714e-34   4.2717690e-35
   1.7988745e-35   7.6815236e-36   3.3227994e-36   1.4562610e-36   6.4621825e-37
   2.9011950e-37
       0.0000000       0.0000000       0.0000000       0.0000000       0.0000000
       0.0000000       0.0000000   8.2627906e-48   5.8914234e-42   2.2377913e-39
   4.1343594e-37   4.0779537e-35   2.3363420e-33   8.3529248e-32   1.9807577e-30
   3.2721543e-29   3.9170514e-28   3.4953048e-27   2.3590056e-26   1.2034955e-25
   4.5893483e-25   1.2925307e-24   2.6788720e-24   4.0796567e-24   4.4858431e-24
   3.4122027e-24   1.6950591e-24   5.5238639e-25   1.3593382e-25   2.9946766e-26
   6.5392660e-27   1.4743814e-27   3.4667374e-28   8.4653618e-29   2.1214026e-29
   5.3595036e-30   1.3363971e-30   3.2001094e-31   7.1206579e-32   1.4130140e-32
   2.3901799e-33   3.2897081e-34   3.5647149e-35   3.0714619e-36   2.2463940e-37
   1.5215067e-38   1.0226598e-39   7.0960848e-41   5.1809749e-42   4.0019665e-43
   3.2665804e-44       0.0000000       0.0000000       0.0000000       0.0000000
       0.0000000       0.0000000       0.0000000       0.0000000       0.0000000
       0.0000000
       0.0000000       0.0000000       0.0000000       0.0000000       0.0000000
       0.0000000       0.0000000   2.7247298e-47   1.9310065e-41   7.2954470e-39
   1.3416896e-36   1.3184336e-34   7.5310392e-33   2.6862705e-31   6.3589584e-30
   1.0490349e-28   1.2537074e-27   1.1159239e-26   7.5034288e-26   3.8101942e-25
   1.4476392e-24   4.0707914e-24   8.4318426e-24   1.2831049e-23   1.4093530e-23
   1.0706103e-23   5.3100965e-24   1.7274882e-24   4.2440150e-25   9.3362594e-26
   2.0364214e-26   4.5878012e-27   1.0780020e-27   2.6303707e-28   6.5854772e-29
   1.6618899e-29   4.1394787e-30   9.9040057e-31   2.2027211e-31   4.3706730e-32
   7.3945341e-33   1.0180824e-33   1.1036387e-34   9.5130379e-36   6.9592008e-37
   4.7132268e-38   3.1665348e-39   2.1954340e-40   1.6013875e-41   1.2358616e-42
   1.0080806e-43       0.0000000       0.0000000       0.0000000       0.0000000
       0.0000000       0.0000000       0.0000000       0.0000000       0.0000000
       0.0000000
       0.0000000       0.0000000       0.0000000       0.0000000       0.0000000
       0.0000000       0.0000000       0.0000000       0.0000000   9.3498457e-48
   3.1209708e-42   1.3191483e-39   2.8273694e-37   3.3443467e-35   2.3537082e-33
   1.0476942e-31   3.1013374e-30   6.3391138e-29   9.1583827e-28   9.4309641e-27
   6.8942797e-26   3.5616035e-25   1.2998052e-24   3.3560983e-24   6.0532467e-24
   7.3292857e-24   5.6362219e-24   2.7753755e-24   1.0078102e-24   3.2116257e-25
   9.9446344e-26   3.1262043e-26   1.0088423e-26   3.3348644e-27   1.1155024e-27
   3.7197834e-28   1.2110844e-28   3.7460879e-29   1.0657910e-29   2.6809196e-30
   5.7007684e-31   9.7862923e-32   1.3136181e-32   1.3928846e-33   1.2464086e-34
   1.0269763e-35   8.3504403e-37   6.9780837e-38   6.1091058e-39   5.6384684e-40
   5.4792497e-41   5.5855665e-42   5.9312021e-43   6.5135998e-44       0.0000000
       0.0000000       0.0000000       0.0000000       0.0000000       0.0000000
       0.0000000
       0.0000000       0.0000000       0.0000000       0.0000000       0.0000000
       0.0000000       0.0000000       0.0000000       0.0000000   1.1657458e-47
   3.7811100e-42   1.5496540e-39   3.2158518e-37   3.6802374e-35   2.5056804e-33
   1.0793034e-31   3.0918187e-30   6.1146391e-29   8.5456887e-28   8.5124704e-27
   6.0214561e-26   3.0123645e-25   1.0661328e-24   2.6747341e-24   4.6970777e-24
   5.5479631e-24   4.1690884e-24   2.0091207e-24   7.1505166e-25   2.2363906e-25
   6.8038151e-26   2.1028629e-26   6.6712180e-27   2.1665700e-27   7.1132966e-28
   2.3259585e-28   7.4215723e-29   2.2493434e-29   6.2710781e-30   1.5460778e-30
   3.2223228e-31   5.4210093e-32   7.1293389e-33   7.4045455e-34   6.4893797e-35
   5.2370305e-36   4.1714093e-37   3.4154762e-38   2.9304516e-39   2.6513338e-40
   2.5262700e-41   2.5257769e-42   2.6312234e-43   2.8355982e-44       0.0000000
       0.0000000       0.0000000       0.0000000       0.0000000       0.0000000
       0.0000000
       0.0000000       0.0000000       0.0000000       0.0000000       0.0000000
       0.0000000       0.0000000       0.0000000       0.0000000       0.0000000
       0.0000000       0.0000000   7.9968597e-42   3.1867916e-39   6.7492091e-37
   8.1560650e-35   5.9924045e-33   2.8094695e-31   8.6794355e-30   1.7976392e-28
   2.5062161e-27   2.3565653e-26   1.5035988e-25   6.5550232e-25   1.9338818e-24
   3.7246567e-24   4.4390148e-24   3.3058543e-24   1.7764957e-24   8.1945787e-25
   3.6043517e-25   1.5801299e-25   6.9874581e-26   3.1102760e-26   1.3804043e-26
   6.0164277e-27   2.5259808e-27   9.9560827e-28   3.5726969e-28   1.1222017e-28
   2.9527710e-29   6.2189415e-30   1.0158426e-30   1.3018952e-31   1.3969500e-32
   1.3744323e-33   1.3259685e-34   1.3096663e-35   1.3494538e-36   1.4595010e-37
   1.6559336e-38   1.9650559e-39   2.4218965e-40   3.0796017e-41   4.0073321e-42
   5.2990955e-43   7.0693800e-44       0.0000000       0.0000000       0.0000000
       0.0000000
       0.0000000       0.0000000       0.0000000       0.0000000       0.0000000
       0.0000000       0.0000000       0.0000000       0.0000000       0.0000000
       0.0000000       0.0000000   4.1780985e-42   1.6773377e-39   3.5799585e-37
   4.3605478e-35   3.2285447e-33   1.5242913e-31   4.7400736e-30   9.8777824e-29
   1.3850701e-27   1.3094475e-26   8.3979566e-26   3.6791520e-25   1.0905354e-24
   2.1096892e-24   2.5247042e-24   1.8873535e-24   1.0177312e-24   4.7093259e-25
   2.0772320e-25   9.1293384e-26   4.0459696e-26   1.8043913e-26   8.0212480e-27
   3.5007937e-27   1.4715296e-27   5.8062006e-28   2.0856760e-28   6.5581505e-29
   1.7276010e-29   3.6433597e-30   5.9603488e-31   7.6520884e-32   8.2270482e-33
   8.1122696e-34   7.8450854e-35   7.7687441e-36   8.0269126e-37   8.7073006e-38
   9.9108077e-39   1.1801239e-39   1.4597841e-40   1.8633382e-41   2.4343753e-42
   3.2323938e-43   4.3303541e-44       0.0000000       0.0000000       0.0000000
       0.0000000
       0.0000000       0.0000000       0.0000000       0.0000000       0.0000000
       0.0000000       0.0000000       0.0000000       0.0000000       0.0000000
       0.0000000       0.0000000   1.0298366e-48   5.8776820e-43   4.3064116e-40
   1.6051421e-37   3.2927613e-35   3.9502294e-33   2.8899892e-31   1.3253785e-29
   3.8573725e-28   7.1910296e-27   8.6938973e-26   6.8854487e-25   3.5504715e-24
   1.1531270e-23   2.2381948e-23   2.6275525e-23   2.1579929e-23   1.4778106e-23
   9.3888798e-24   5.7964336e-24   3.5284531e-24   2.1183111e-24   1.2447988e-24
   7.0662057e-25   3.8081581e-25   1.9031414e-25   8.5616076e-26   3.3401240e-26
   1.0824388e-26   2.7870015e-27   5.5317668e-28   8.5633068e-29   1.1060036e-29
   1.3014246e-30   1.4988256e-31   1.7605699e-32   2.1506397e-33   2.7511106e-34
   3.6858256e-35   5.1508454e-36   7.4661200e-37   1.1134706e-37   1.6982232e-38
   2.6273233e-39   4.0957596e-40   6.3928232e-41   9.9568747e-42   1.5418620e-42
   2.3757601e-43
       0.0000000       0.0000000       0.0000000       0.0000000       0.0000000
       0.0000000       0.0000000       0.0000000       0.0000000       0.0000000
       0.0000000       0.0000000       0.0000000       0.0000000   4.8888227e-43
   4.2923756e-40   1.7335807e-37   3.3949476e-35   3.3908748e-33   1.8257644e-31
   5.5943973e-30   1.0301441e-28   1.1989298e-27   9.2333580e-27   4.8931680e-26
   1.8405209e-25   4.9969623e-25   9.7480123e-25   1.3332138e-24   1.2699570e-24
   9.0481319e-25   5.4465985e-25   3.0689713e-25   1.7182801e-25   9.8509546e-26
   5.8522797e-26   3.6107549e-26   2.3056756e-26   1.5114984e-26   1.0063989e-26
   6.7216886e-27   4.4481046e-27   2.8755912e-27   1.7945927e-27   1.0686371e-27
   6.0325985e-28   3.2230866e-28   1.6394453e-28   8.0191630e-29   3.8208921e-29
   1.7924752e-29   8.3601764e-30   3.9022041e-30   1.8314245e-30   8.6694212e-31
   4.1480680e-31   2.0070236e-31   9.8269270e-32   4.8694007e-32   2.4419064e-32
   1.2391510e-32
       0.0000000       0.0000000       0.0000000       0.0000000       0.0000000
       0.0000000       0.0000000       0.0000000       0.0000000       0.0000000
       0.0000000       0.0000000       0.0000000       0.0000000   5.7178203e-49
   1.7687138e-43   1.3016481e-40   5.0387575e-38   1.0818558e-35   1.3436593e-33
   9.8508062e-32   4.3279937e-30   1.1591889e-28   1.9139320e-27   1.9379610e-26
   1.1647289e-25   3.9520260e-25   7.6752814e-25   9.9085163e-25   1.0176841e-24
   9.3080519e-25   7.9781334e-25   6.5396704e-25   5.1538088e-25   3.8881821e-25
   2.7820420e-25   1.8628367e-25   1.1427889e-25   6.2482881e-26   2.9377367e-26
   1.1396773e-26   3.4952591e-27   8.2164092e-28   1.5016842e-28   2.2815804e-29
   3.1521349e-30   4.2458519e-31   5.8203890e-32   8.2805097e-33   1.2318258e-33
   1.9157215e-34   3.1045872e-35   5.2083935e-36   8.9920046e-37   1.5852613e-37
   2.8320256e-38   5.0955157e-39   9.1687180e-40   1.6432940e-40   2.9273481e-41
   5.1807348e-42
       0.0000000       0.0000000       0.0000000       0.0000000       0.0000000
       0.0000000       0.0000000       0.0000000       0.0000000       0.0000000
       0.0000000       0.0000000       0.0000000       0.0000000   5.8136910e-51
   1.7001893e-45   1.3746076e-42   5.3161896e-40   1.0507279e-37   1.1279648e-35
   6.8950992e-34   2.5091797e-32   5.6584506e-31   8.1955400e-30   7.8964458e-29
   5.2327034e-28   2.4593855e-27   8.4222225e-27   2.1468858e-26   4.1259046e-26
   5.9592581e-26   6.3236815e-26   4.8389828e-26   2.7776666e-26   1.3267544e-26
   5.8542468e-27   2.5552484e-27   1.1431835e-27   5.3183069e-28   2.5825282e-28
   1.3034877e-28   6.7907067e-29   3.6153433e-29   1.9448204e-29   1.0442662e-29
   5.5330534e-30   2.8591400e-30   1.4268682e-30   6.8292392e-31   3.1291599e-31
   1.3771576e-31   5.8675738e-32   2.4429664e-32   1.0035141e-32   4.1008787e-33
   1.6782075e-33   6.9037097e-34   2.8652210e-34   1.2014792e-34   5.0998552e-35
   2.1907639e-35
       0.0000000       0.0000000       0.0000000       0.0000000       0.0000000
       0.0000000       0.0000000       0.0000000       0.0000000       0.0000000
       0.0000000       0.0000000       0.0000000       0.0000000   1.0827764e-44
   1.5117193e-41   7.0597592e-39   1.1522853e-36   7.7581369e-35   2.7094287e-33
   5.7925159e-32   8.3523980e-31   8.6437036e-30   6.6903608e-29   3.9922879e-28
   1.8753658e-27   7.0178278e-27   2.1053781e-26   5.0552119e-26   9.6950377e-26
   1.4808450e-25   1.8030584e-25   1.7440207e-25   1.3237807e-25   7.6770184e-26
   3.3410197e-26   1.1314257e-26   3.2751161e-27   8.9282981e-28   2.4423154e-28
   6.9151621e-29   2.0538528e-29   6.4027503e-30   2.0845393e-30   7.0378639e-31
   2.4387315e-31   8.5868704e-32   3.0394484e-32   1.0697551e-32   3.7061726e-33
   1.2544075e-33   4.1219217e-34   1.3150453e-34   4.0803676e-35   1.2399785e-35
   3.7175550e-36   1.1075833e-36   3.3032055e-37   9.9065207e-38   3.0010237e-38
   9.1959739e-39
       0.0000000       0.0000000       0.0000000       0.0000000       0.0000000
       0.0000000       0.0000000       0.0000000       0.0000000       0.0000000
       0.0000000       0.0000000       0.0000000       0.0000000       0.0000000
       0.0000000   3.7496517e-45   3.5827612e-42   1.1748754e-39   1.6999143e-37
   1.2976648e-35   5.8446847e-34   1.6730325e-32   3.2115338e-31   4.3162547e-30
   4.1980692e-29   3.0262302e-28   1.6412038e-27   6.7567044e-27   2.1208436e-26
   5.1023213e-26   9.4552755e-26   1.3518686e-25   1.4783654e-25   1.2084720e-25
   7.2713668e-26   3.3466565e-26   1.2988405e-26   4.6851428e-27   1.6764297e-27
   6.1484178e-28   2.3421612e-28   9.2921729e-29   3.8239519e-29   1.6205879e-29
   7.0102243e-30   3.0638993e-30   1.3393744e-30   5.7959748e-31   2.4574364e-31
   1.0137099e-31   4.0462331e-32   1.5612617e-32   5.8433640e-33   2.1338890e-33
   7.6661658e-34   2.7296780e-34   9.7044341e-35   3.4613003e-35   1.2438809e-35
   4.5145798e-36
       0.0000000       0.0000000       0.0000000       0.0000000       0.0000000
       0.0000000       0.0000000       0.0000000       0.0000000       0.0000000
       0.0000000       0.0000000       0.0000000       0.0000000       0.0000000
       0.0000000       0.0000000   9.8923003e-51   5.4772940e-45   3.6455206e-42
   1.0891431e-39   1.6638099e-37   1.4191910e-35   7.2246676e-34   2.3209924e-32
   4.9222997e-31   7.1411712e-30   7.2655377e-29   5.2872636e-28   2.7885086e-27
   1.0789370e-26   3.0979323e-26   6.6487942e-26   1.0619238e-25   1.2385487e-25
   1.0415039e-25   6.5830861e-26   3.4536839e-26   1.6608461e-26   7.8248328e-27
   3.7350367e-27   1.8333791e-27   9.2846421e-28   4.8363587e-28   2.5752217e-28
   1.3894244e-28   7.5245653e-29   4.0495147e-29   2.1443394e-29   1.1073677e-29
   5.5316919e-30   2.6623112e-30   1.2334047e-30   5.5192242e-31   2.4004054e-31
   1.0236799e-31   4.3125693e-32   1.8084013e-32   7.5895570e-33   3.2001554e-33
   1.3590066e-33
       0.0000000       0.0000000       0.0000000       0.0000000       0.0000000
       0.0000000       0.0000000       0.0000000       0.0000000       0.0000000
       0.0000000       0.0000000       0.0000000       0.0000000       0.0000000
       0.0000000       0.0000000       0.0000000       0.0000000   1.4394589e-49
   3.9535397e-44   2.4396580e-41   7.3507903e-39   1.1672565e-36   1.0478347e-34
   5.6164489e-33   1.8840195e-31   4.0917250e-30   5.9194120e-29   5.8311146e-28
   3.9904910e-27   1.9317617e-26   6.7069352e-26   1.6711361e-25   2.9442004e-25
   3.6372291e-25   3.2934526e-25   2.4197553e-25   1.5976262e-25   1.0136214e-25
   6.4121047e-26   4.1068414e-26   2.6750830e-26   1.7694358e-26   1.1829098e-26
   7.9306927e-27   5.2909669e-27   3.4803681e-27   2.2369504e-27   1.3931910e-27
   8.3530998e-28   4.7996134e-28   2.6435510e-28   1.4012615e-28   7.1946092e-29
   3.6111035e-29   1.7861127e-29   8.7669689e-30   4.2991397e-30   2.1136342e-30
   1.0454612e-30
