# logT  DEM_best  DEM_median  DEM_q25  DEM_q75   [cm^-5/logK]
  5.500   1.049287e+25   6.655798e+25   1.050288e+25   2.594393e+26
  5.600   3.583991e+24   1.912266e+25   6.246079e+24   4.517671e+25
  5.700   9.175877e+24   3.336000e+25   1.595013e+25   6.000019e+25
  5.800   3.244873e+24   2.008910e+25   1.043789e+25   3.455378e+25
  5.900   1.278440e+25   2.752792e+25   1.639014e+25   4.844960e+25
  6.000   1.295406e+27   9.556845e+26   7.860068e+26   1.111653e+27
  6.100   4.316530e+26   5.228489e+26   2.438136e+26   8.739958e+26
  6.200   5.939545e+26   8.976742e+26   5.571912e+26   1.411152e+27
  6.300   6.630337e+27   5.563265e+27   4.862655e+27   6.226465e+27
  6.400   1.020395e+27   2.339595e+27   1.588758e+27   3.201026e+27
  6.500   3.313761e+27   3.839085e+27   2.134080e+27   6.773377e+27
  6.600   2.971927e+28   2.574602e+28   2.295738e+28   2.828449e+28
  6.700   3.251867e+26   6.207745e+26   3.961891e+26   1.023338e+27
  6.800   4.079971e+26   2.973643e+26   1.523903e+26   4.972190e+26
  6.900   1.303850e+26   2.764692e+26   7.659649e+25   7.413894e+26
  7.000   2.156385e+25   7.746111e+25   2.568366e+25   1.983058e+26
  7.100   2.180158e+26   2.166281e+26   5.548614e+25   6.692639e+26
